hradio 3;
slider 94;
number3 33;
number2 5;
number1 58;
@array array1 -0.357144 -0.357144 -0.357144 -0.385715 -0.342858 -0.271429
-0.242857 -0.185714 -0.157142 -0.157142 -0.157142 -0.171428 -0.185714
-0.2 -0.2 -0.114285 -0.0857133 -0.0428559 -0.0428559 -0.0428559 -0.0571417
-0.0857133 -0.0571417 1.54972e-06 0.300003 0.300003 0.300003 0.300003
0.285717 0.271431 0.257145 0.242859 0.200002 0.164288 0.128573 0.107144
0.0857157 0.0285724 -0.014285 -0.0571424 -0.114286 -0.157143 -0.2 -0.235715
-0.271429 -0.300001 -0.328573 -0.357144 -0.414287 -0.428573 -0.442859
-0.453573 -0.464288 -0.475002 -0.485716 -0.485716 -0.485716 -0.485716
-0.485716 -0.485716 -0.480955 -0.476193 -0.471431 -0.457145 -0.442859
-0.400002 -0.37143 -0.342858 -0.228572 -0.15 -0.0714282 0.128573 0.200002
0.271431 0.321431 0.371432 0.407146 0.442861 0.471432 0.471432 0.471432
0.471432 0.442861 0.385718 0.34286 0.300003 0.257145 0.214288 0.17143
0.107144 0.0428582 8.34465e-07 -0.0428566 -0.085714 -0.135714 -0.185715
-0.228572 -0.271429 -0.314287 -0.37143;
